208,9
215,7
209,76
209,75
209,74
209,73
209,72
208,8
184,16
209,71
209,70
209,69
209,68
209,67
213,8
214,10
205,8
209,66
169,9
209,65
209,64
209,38
209,37
209,36
209,35
209,34
209,33
209,32
209,31
209,30
209,29
207,14
184,15
184,14
209,28
209,27
207,13
207,12
184,13
214,9
184,12
213,7
213,6
214,8
205,7
205,6
208,7
208,6
184,11
184,10
214,7
207,11
207,10
214,6
209,26
209,25
209,24
184,9
184,8
184,7
215,6
14,31
215,5
215,4
215,3
215,2
215,1
215,0
14,30
214,5
214,4
214,3
214,2
214,1
214,0
209,23
209,22
209,21
212,20
212,19
212,18
212,17
212,16
212,15
212,14
213,5
213,4
213,3
213,2
213,1
213,0
209,20
209,19
209,18
209,17
212,13
212,12
212,11
212,10
212,9
212,8
212,7
212,6
212,5
212,4
212,3
212,2
212,1
212,0
207,9
207,8
207,7
207,6
209,16
209,15
209,14
209,13
209,12
209,11
209,10
211,5
211,4
211,3
211,2
211,1
211,0
14,29
210,5
210,4
210,3
210,2
210,1
210,0
209,9
209,8
209,7
209,6
209,5
209,4
209,3
209,2
209,1
209,0
208,5
208,4
208,3
208,2
208,1
208,0
207,5
207,4
207,3
207,2
207,1
207,0
206,3
206,2
206,1
206,0
205,5
205,4
205,3
205,2
205,1
205,0
204,23
204,22
204,21
204,20
204,19
204,18
204,17
204,16
204,15
204,14
204,13
204,12
204,11
204,10
204,9
204,8
204,7
204,6
204,5
204,4
204,3
204,2
204,1
204,0
203,5
203,4
203,3
203,2
203,1
203,0
202,10
0,511
202,9
202,8
0,510
202,7
202,6
202,5
202,4
202,3
202,2
202,1
202,0
201,19
201,18
201,17
201,16
201,15
201,14
201,13
201,12
201,11
201,10
201,9
201,8
201,7
201,6
201,5
201,4
201,3
201,2
201,1
201,0
0,509
14,28
200,8
200,7
200,6
200,5
200,4
200,3
200,2
200,1
200,0
199,6
199,5
199,4
199,3
199,2
199,1
199,0
0,508
0,507
198,3
198,2
198,1
198,0
169,8
169,7
197,3
197,2
197,1
197,0
196,3
196,2
196,1
196,0
172,20
172,19
172,18
195,6
195,5
195,4
195,3
195,2
195,1
195,0
14,27
194,6
194,5
194,4
194,3
194,2
194,1
194,0
169,6
172,17
172,16
14,26
193,5
193,4
193,3
193,2
193,1
193,0
14,25
192,12
192,11
192,10
192,9
192,8
192,7
192,6
192,5
192,4
192,3
192,2
192,1
192,0
191,6
191,5
191,4
191,3
191,2
0,506
191,1
191,0
190,6
190,5
190,4
190,3
190,2
0,505
0,504
190,1
190,0
189,3
189,2
189,1
189,0
188,3
188,2
188,1
188,0
172,15
187,3
187,2
187,1
187,0
172,14
172,13
186,3
186,2
186,1
186,0
185,3
185,2
185,1
185,0
184,6
184,5
184,4
184,3
184,2
184,1
184,0
183,3
183,2
183,1
183,0
172,12
182,4
182,3
182,2
0,503
0,502
182,1
182,0
14,24
181,8
181,7
181,6
181,5
181,4
181,3
181,2
181,1
181,0
180,3
180,2
180,1
180,0
179,3
179,2
179,1
179,0
178,4
178,3
178,2
178,1
178,0
177,5
177,4
177,3
177,2
177,1
177,0
172,11
172,10
172,9
169,5
169,4
172,8
172,7
172,6
14,23
176,6
176,5
176,4
176,3
176,2
176,1
176,0
172,5
172,4
175,8
175,7
175,6
175,5
175,4
175,3
175,2
175,1
175,0
174,4
174,3
174,2
174,1
174,0
173,5
173,4
173,3
173,2
173,1
173,0
172,3
172,2
172,1
172,0
171,5
171,4
171,3
171,2
171,1
171,0
170,3
170,2
170,1
170,0
169,3
169,2
169,1
169,0
14,22
168,3
168,2
168,1
168,0
153,68
0,501
0,500
155,9
155,8
153,67
0,499
0,498
167,3
167,2
167,1
167,0
166,5
166,4
166,3
166,2
